n: 12000
k: 4
t: 2
test_ratio: 0.200000000
validation_ratio: 0.010000000
seed: 0.000000000
a: 0.300000000
ap: 1.500000000
bp: 0.300000000
c: 0.300000000
cp: 1.500000000
dp: 0.300000000
e: 0.300000000
f: 0.300000000
reportfreq: 10
vb: False
bias: False
hier: False
nmf: False
lda: False
wals_l: 0.000000000
wals_C: 0
mle_user: False
mle_item: False
